-0.0
0.6379768
0.52993697
0.19866888
0.88684356
0.47451118
-0.0
0.23812225
0.21662721
1.1118258
0.8113247
-0.0
0.61802745
0.7200738
0.6954926
-0.0
0.9954432
0.7213086
-0.0
0.5636907
-0.0
0.18852945
0.75378317
2.4439352
0.72841305
0.31446213
0.16962592
-0.0
0.514123
0.27092183
0.24437772
0.28131455
0.7034979
0.27328047
0.29649335
0.43803474
0.66348356
0.20877105
-0.0
0.47419688
0.18459915
0.35781422
0.17756194
1.3225242
0.26091316
1.6872932
0.3616558
1.1672981
0.90771776
0.46600243
-0.0
0.20736969
0.6865474
-0.0
-0.0
-0.0
0.6092267
0.26579309
0.009499554
0.5260148
1.2984973
0.2536688
-0.0
0.92848855
0.9410912
0.7188616
0.38225418
0.23728825
-0.0
-0.0
0.47434944
0.17601687
-0.0
1.0244497
-0.0
0.053818997
-0.0
-0.0
0.33134234
0.5006294
0.2144608
0.21776955
0.6438252
-0.0
-0.0
0.3443056
1.5493519
0.5969864
0.49979696
0.73030096
0.75707084
-0.0
0.43413293
0.24378067
1.1350541
1.0072026
0.18090214
0.5690367
0.64020133
-0.0
0.5218097
0.8475159
0.19648707
0.95894855
0.7150662
0.82417333
0.86030746
0.22080663
-0.0
0.10552031
-0.0
0.9885247
0.011659954
0.8241642
1.0782689
0.13277861
0.48934993
-0.0
0.12112655
-0.0
1.2882593
1.2953501
0.6145221
0.17161688
0.751853
0.38702884
-0.0
0.0074479003
0.4576957
0.56506354
0.37787881
0.6629177
-0.0
0.54566336
0.5299029
1.8085113
0.527447
0.7151003
0.56172806
0.40873858
0.25177127
0.9461889
0.22652474
0.16393986
0.80667704
1.0881582
0.4797501
0.3195819
-0.0
0.9755301
-0.0
0.5175596
0.29190597
1.0429375
0.52723914
1.5957863
0.071146175
0.4993406
0.64855087
-0.0
0.76229924
-0.0
0.64443123
0.8493817
0.77850336
-0.0
0.46359003
0.35990915
0.68619925
0.31607175
0.5679559
0.073945224
0.53281415
0.10766395
0.4828603
0.52048975
0.4986507
1.0225005
0.17934318
0.24522206
0.969033
0.20884284
0.29517612
0.27611965
0.05541423
0.9001245
0.6544095
0.94134235
1.0058764
0.15234742
0.15199311
1.7181759
0.82968676
1.5860127
0.8386452
0.022829007
-0.0
0.8237537
0.59253263
0.2079011
